  0.00  0.00000e+00
  0.10  3.52297e+21
  0.20  1.40893e+22
  0.30  3.16910e+22
  0.40  5.63150e+22
  0.50  8.79429e+22
  0.60  1.26551e+23
  0.70  1.72111e+23
  0.80  2.24588e+23
  0.90  2.83944e+23
  1.00  3.50133e+23
  1.10  4.23108e+23
  1.20  5.02812e+23
  1.30  5.89187e+23
  1.40  6.82169e+23
  1.50  7.81687e+23
  1.60  8.87668e+23
  1.70  1.00003e+24
  1.80  1.11870e+24
  1.90  1.24357e+24
  2.00  1.37457e+24
  2.10  1.51158e+24
  2.20  1.65451e+24
  2.30  1.80325e+24
  2.40  1.95770e+24
  2.50  2.11772e+24
  2.60  2.28322e+24
  2.70  2.46815e+24
  2.80  2.68646e+24
  2.90  2.93800e+24
  3.00  3.22258e+24
  3.10  3.53998e+24
  3.20  3.88997e+24
  3.30  4.27229e+24
  3.40  4.68665e+24
  3.50  5.13274e+24
  3.60  5.61023e+24
  3.70  6.11877e+24
  3.80  6.67206e+24
  3.90  7.28378e+24
  4.00  7.95348e+24
  4.10  8.68066e+24
  4.20  9.46478e+24
  4.30  1.03052e+25
  4.40  1.12014e+25
  4.50  1.21527e+25
  4.60  1.31583e+25
  4.70  1.42175e+25
  4.80  1.53294e+25
  4.90  1.64934e+25
  5.00  1.77085e+25
  5.10  1.89737e+25
  5.20  2.02883e+25
  5.30  2.16616e+25
  5.40  2.31034e+25
  5.50  2.46124e+25
  5.60  2.61877e+25
  5.70  2.78279e+25
  5.80  2.95320e+25
  5.90  3.13197e+25
  6.00  3.32108e+25
  6.10  3.52040e+25
  6.20  3.72977e+25
  6.30  3.94905e+25
  6.40  4.17806e+25
  6.50  4.41663e+25
  6.60  4.66493e+25
  6.70  4.92312e+25
  6.80  5.19100e+25
  6.90  5.46837e+25
  7.00  5.75503e+25
  7.10  6.05076e+25
  7.20  6.35534e+25
  7.30  6.66855e+25
  7.40  6.99083e+25
  7.50  7.32334e+25
  7.60  7.66653e+25
  7.70  8.02014e+25
  7.80  8.38392e+25
  7.90  8.75785e+25
  8.00  9.14188e+25
  8.10  9.53575e+25
  8.20  9.93915e+25
  8.30  1.03518e+26
  8.40  1.07739e+26
  8.50  1.12056e+26
  8.60  1.16466e+26
  8.70  1.20965e+26
  8.80  1.25551e+26
  8.90  1.30220e+26
  9.00  1.34969e+26
  9.10  1.39794e+26
  9.20  1.44691e+26
  9.30  1.49664e+26
  9.40  1.54716e+26
  9.50  1.59849e+26
  9.60  1.65063e+26
  9.70  1.70354e+26
  9.80  1.75720e+26
  9.90  1.81159e+26
 10.00  1.86670e+26
 10.10  1.92250e+26
 10.20  1.97898e+26
 10.30  2.03614e+26
 10.40  2.09400e+26
 10.50  2.15258e+26
 10.60  2.21188e+26
 10.70  2.27187e+26
 10.80  2.33250e+26
 10.90  2.39379e+26
 11.00  2.45575e+26
 11.10  2.51831e+26
 11.20  2.58145e+26
 11.30  2.64511e+26
 11.40  2.70925e+26
 11.50  2.77383e+26
 11.60  2.83879e+26
 11.70  2.90410e+26
 11.80  2.96976e+26
 11.90  3.03587e+26
 12.00  3.10253e+26
 12.10  3.16974e+26
 12.20  3.23744e+26
 12.30  3.30559e+26
 12.40  3.37414e+26
 12.50  3.44304e+26
 12.60  3.51228e+26
 12.70  3.58184e+26
 12.80  3.65168e+26
 12.90  3.72174e+26
 13.00  3.79198e+26
 13.10  3.86235e+26
 13.20  3.93285e+26
 13.30  4.00351e+26
 13.40  4.07427e+26
 13.50  4.14513e+26
 13.60  4.21616e+26
 13.70  4.28738e+26
 13.80  4.35874e+26
 13.90  4.43019e+26
 14.00  4.50173e+26
 14.10  4.57342e+26
 14.20  4.64533e+26
 14.30  4.71745e+26
 14.40  4.78974e+26
 14.50  4.86215e+26
 14.60  4.93464e+26
 14.70  5.00726e+26
 14.80  5.08007e+26
 14.90  5.15303e+26
 15.00  5.22610e+26
 15.10  5.29921e+26
 15.20  5.37236e+26
 15.30  5.44553e+26
 15.40  5.51868e+26
 15.50  5.59176e+26
 15.60  5.66472e+26
 15.70  5.73751e+26
 15.80  5.81015e+26
 15.90  5.88267e+26
 16.00  5.95504e+26
 16.10  6.02739e+26
 16.20  6.09980e+26
 16.30  6.17222e+26
 16.40  6.24473e+26
 16.50  6.31746e+26
 16.60  6.39044e+26
 16.70  6.46397e+26
 16.80  6.53841e+26
 16.90  6.61380e+26
 17.00  6.69007e+26
 17.10  6.76718e+26
 17.20  6.84509e+26
 17.30  6.92374e+26
 17.40  7.00308e+26
 17.50  7.08306e+26
 17.60  7.16377e+26
 17.70  7.24539e+26
 17.80  7.32798e+26
 17.90  7.41153e+26
 18.00  7.49601e+26
 18.10  7.58143e+26
 18.20  7.66781e+26
 18.30  7.75509e+26
 18.40  7.84320e+26
 18.50  7.93214e+26
 18.60  8.02193e+26
 18.70  8.11263e+26
 18.80  8.20425e+26
 18.90  8.29677e+26
 19.00  8.39016e+26
 19.10  8.48437e+26
 19.20  8.57949e+26
 19.30  8.67561e+26
 19.40  8.77269e+26
 19.50  8.87065e+26
 19.60  8.96942e+26
 19.70  9.06924e+26
 19.80  9.17037e+26
 19.90  9.27275e+26
 20.00  9.37640e+26
 20.10  9.48141e+26
 20.20  9.58775e+26
 20.30  9.69537e+26
 20.40  9.80421e+26
 20.50  9.91424e+26
 20.60  1.00255e+27
 20.70  1.01379e+27
 20.80  1.02514e+27
 20.90  1.03661e+27
 21.00  1.04818e+27
 21.10  1.05987e+27
 21.20  1.07168e+27
 21.30  1.08359e+27
 21.40  1.09561e+27
 21.50  1.10773e+27
 21.60  1.11995e+27
 21.70  1.13227e+27
 21.80  1.14467e+27
 21.90  1.15716e+27
 22.00  1.16974e+27
 22.10  1.18240e+27
 22.20  1.19515e+27
 22.30  1.20800e+27
 22.40  1.22095e+27
 22.50  1.23399e+27
 22.60  1.24711e+27
 22.70  1.26031e+27
 22.80  1.27358e+27
 22.90  1.28695e+27
 23.00  1.30046e+27
 23.10  1.31411e+27
 23.20  1.32788e+27
 23.30  1.34178e+27
 23.40  1.35580e+27
 23.50  1.36992e+27
 23.60  1.38414e+27
 23.70  1.39846e+27
 23.80  1.41287e+27
 23.90  1.42736e+27
 24.00  1.44195e+27
 24.10  1.45661e+27
 24.20  1.47133e+27
 24.30  1.48613e+27
 24.40  1.50098e+27
 24.50  1.51589e+27
 24.60  1.53084e+27
 24.70  1.54582e+27
 24.80  1.56082e+27
 24.90  1.57582e+27
 25.00  1.59084e+27
 25.10  1.60588e+27
 25.20  1.62095e+27
 25.30  1.63607e+27
 25.40  1.65124e+27
 25.50  1.66644e+27
 25.60  1.68167e+27
 25.70  1.69691e+27
 25.80  1.71213e+27
 25.90  1.72733e+27
 26.00  1.74249e+27
 26.10  1.75762e+27
 26.20  1.77269e+27
 26.30  1.78770e+27
 26.40  1.80267e+27
 26.50  1.81761e+27
 26.60  1.83254e+27
 26.70  1.84744e+27
 26.80  1.86228e+27
 26.90  1.87704e+27
 27.00  1.89171e+27
 27.10  1.90628e+27
 27.20  1.92072e+27
 27.30  1.93504e+27
 27.40  1.94921e+27
 27.50  1.96323e+27
 27.60  1.97708e+27
 27.70  1.99075e+27
 27.80  2.00425e+27
 27.90  2.01760e+27
 28.00  2.03079e+27
 28.10  2.04381e+27
 28.20  2.05667e+27
 28.30  2.06938e+27
 28.40  2.08198e+27
 28.50  2.09448e+27
 28.60  2.10687e+27
 28.70  2.11913e+27
 28.80  2.13125e+27
 28.90  2.14322e+27
 29.00  2.15499e+27
 29.10  2.16656e+27
 29.20  2.17793e+27
 29.30  2.18909e+27
 29.40  2.20005e+27
 29.50  2.21079e+27
 29.60  2.22131e+27
 29.70  2.23160e+27
 29.80  2.24165e+27
 29.90  2.25146e+27
 30.00  2.26104e+27
 30.10  2.27040e+27
 30.20  2.27951e+27
 30.30  2.28838e+27
 30.40  2.29701e+27
 30.50  2.30539e+27
 30.60  2.31351e+27
 30.70  2.32137e+27
 30.80  2.32898e+27
 30.90  2.33632e+27
 31.00  2.34339e+27
 31.10  2.35018e+27
 31.20  2.35671e+27
 31.30  2.36295e+27
 31.40  2.36892e+27
 31.50  2.37461e+27
 31.60  2.38002e+27
 31.70  2.38515e+27
 31.80  2.39001e+27
 31.90  2.39459e+27
 32.00  2.39889e+27
 32.10  2.40290e+27
 32.20  2.40661e+27
 32.30  2.41003e+27
 32.40  2.41317e+27
 32.50  2.41602e+27
 32.60  2.41859e+27
 32.70  2.42085e+27
 32.80  2.42282e+27
 32.90  2.42451e+27
 33.00  2.42590e+27
 33.10  2.42701e+27
 33.20  2.42782e+27
 33.30  2.42837e+27
 33.40  2.42866e+27
 33.50  2.42870e+27
 33.60  2.42846e+27
 33.70  2.42792e+27
 33.80  2.42709e+27
 33.90  2.42598e+27
 34.00  2.42459e+27
 34.10  2.42295e+27
 34.20  2.42105e+27
 34.30  2.41889e+27
 34.40  2.41649e+27
 34.50  2.41385e+27
 34.60  2.41097e+27
 34.70  2.40785e+27
 34.80  2.40451e+27
 34.90  2.40093e+27
 35.00  2.39714e+27
 35.10  2.39314e+27
 35.20  2.38897e+27
 35.30  2.38462e+27
 35.40  2.38011e+27
 35.50  2.37545e+27
 35.60  2.37065e+27
 35.70  2.36572e+27
 35.80  2.36066e+27
 35.90  2.35547e+27
 36.00  2.35016e+27
 36.10  2.34473e+27
 36.20  2.33917e+27
 36.30  2.33349e+27
 36.40  2.32767e+27
 36.50  2.32172e+27
 36.60  2.31564e+27
 36.70  2.30945e+27
 36.80  2.30316e+27
 36.90  2.29675e+27
 37.00  2.29021e+27
 37.10  2.28355e+27
 37.20  2.27679e+27
 37.30  2.26994e+27
 37.40  2.26301e+27
 37.50  2.25604e+27
 37.60  2.24904e+27
 37.70  2.24202e+27
 37.80  2.23498e+27
 37.90  2.22791e+27
 38.00  2.22082e+27
 38.10  2.21371e+27
 38.20  2.20658e+27
 38.30  2.19946e+27
 38.40  2.19236e+27
 38.50  2.18528e+27
 38.60  2.17823e+27
 38.70  2.17123e+27
 38.80  2.16428e+27
 38.90  2.15741e+27
 39.00  2.15064e+27
 39.10  2.14396e+27
 39.20  2.13736e+27
 39.30  2.13083e+27
 39.40  2.12440e+27
 39.50  2.11809e+27
 39.60  2.11192e+27
 39.70  2.10590e+27
 39.80  2.10002e+27
 39.90  2.09431e+27
 40.00  2.08875e+27
 40.10  2.08340e+27
 40.20  2.07828e+27
 40.30  2.07340e+27
 40.40  2.06875e+27
 40.50  2.06430e+27
 40.60  2.06004e+27
 40.70  2.05596e+27
 40.80  2.05208e+27
 40.90  2.04839e+27
 41.00  2.04492e+27
 41.10  2.04168e+27
 41.20  2.03868e+27
 41.30  2.03595e+27
 41.40  2.03351e+27
 41.50  2.03136e+27
 41.60  2.02950e+27
 41.70  2.02796e+27
 41.80  2.02671e+27
 41.90  2.02577e+27
 42.00  2.02512e+27
 42.10  2.02476e+27
 42.20  2.02469e+27
 42.30  2.02487e+27
 42.40  2.02527e+27
 42.50  2.02588e+27
 42.60  2.02675e+27
 42.70  2.02788e+27
 42.80  2.02925e+27
 42.90  2.03088e+27
 43.00  2.03280e+27
 43.10  2.03501e+27
 43.20  2.03755e+27
 43.30  2.04043e+27
 43.40  2.04364e+27
 43.50  2.04721e+27
 43.60  2.05117e+27
 43.70  2.05550e+27
 43.80  2.06024e+27
 43.90  2.06537e+27
 44.00  2.07089e+27
 44.10  2.07679e+27
 44.20  2.08306e+27
 44.30  2.08972e+27
 44.40  2.09676e+27
 44.50  2.10418e+27
 44.60  2.11198e+27
 44.70  2.12013e+27
 44.80  2.12861e+27
 44.90  2.13746e+27
 45.00  2.14666e+27
 45.10  2.15621e+27
 45.20  2.16609e+27
 45.30  2.17629e+27
 45.40  2.18679e+27
 45.50  2.19761e+27
 45.60  2.20878e+27
 45.70  2.22030e+27
 45.80  2.23216e+27
 45.90  2.24438e+27
 46.00  2.25696e+27
 46.10  2.26989e+27
 46.20  2.28317e+27
 46.30  2.29684e+27
 46.40  2.31089e+27
 46.50  2.32533e+27
 46.60  2.34015e+27
 46.70  2.35535e+27
 46.80  2.37090e+27
 46.90  2.38680e+27
 47.00  2.40305e+27
 47.10  2.41966e+27
 47.20  2.43664e+27
 47.30  2.45395e+27
 47.40  2.47158e+27
 47.50  2.48954e+27
 47.60  2.50783e+27
 47.70  2.52646e+27
 47.80  2.54539e+27
 47.90  2.56460e+27
 48.00  2.58410e+27
 48.10  2.60392e+27
 48.20  2.62404e+27
 48.30  2.64444e+27
 48.40  2.66510e+27
 48.50  2.68603e+27
 48.60  2.70724e+27
 48.70  2.72876e+27
 48.80  2.75059e+27
 48.90  2.77271e+27
 49.00  2.79514e+27
 49.10  2.81788e+27
 49.20  2.84093e+27
 49.30  2.86427e+27
 49.40  2.88788e+27
 49.50  2.91174e+27
 49.60  2.93586e+27
 49.70  2.96024e+27
 49.80  2.98489e+27
 49.90  3.00983e+27
 50.00  3.03503e+27
 50.10  3.06051e+27
 50.20  3.08626e+27
 50.30  3.11228e+27
 50.40  3.13855e+27
 50.50  3.16506e+27
 50.60  3.19180e+27
 50.70  3.21874e+27
 50.80  3.24589e+27
 50.90  3.27324e+27
 51.00  3.30076e+27
 51.10  3.32846e+27
 51.20  3.35634e+27
 51.30  3.38440e+27
 51.40  3.41261e+27
 51.50  3.44095e+27
 51.60  3.46943e+27
 51.70  3.49806e+27
 51.80  3.52688e+27
 51.90  3.55589e+27
 52.00  3.58516e+27
 52.10  3.61468e+27
 52.20  3.64444e+27
 52.30  3.67441e+27
 52.40  3.70458e+27
 52.50  3.73498e+27
 52.60  3.76558e+27
 52.70  3.79640e+27
 52.80  3.82744e+27
 52.90  3.85870e+27
 53.00  3.89018e+27
 53.10  3.92190e+27
 53.20  3.95384e+27
 53.30  3.98596e+27
 53.40  4.01826e+27
 53.50  4.05072e+27
 53.60  4.08333e+27
 53.70  4.11607e+27
 53.80  4.14894e+27
 53.90  4.18196e+27
 54.00  4.21515e+27
 54.10  4.24848e+27
 54.20  4.28198e+27
 54.30  4.31565e+27
 54.40  4.34946e+27
 54.50  4.38336e+27
 54.60  4.41735e+27
 54.70  4.45146e+27
 54.80  4.48572e+27
 54.90  4.52012e+27
 55.00  4.55465e+27
 55.10  4.58928e+27
 55.20  4.62398e+27
 55.30  4.65873e+27
 55.40  4.69351e+27
 55.50  4.72832e+27
 55.60  4.76316e+27
 55.70  4.79804e+27
 55.80  4.83300e+27
 55.90  4.86805e+27
 56.00  4.90319e+27
 56.10  4.93840e+27
 56.20  4.97365e+27
 56.30  5.00891e+27
 56.40  5.04418e+27
 56.50  5.07943e+27
 56.60  5.11467e+27
 56.70  5.14991e+27
 56.80  5.18517e+27
 56.90  5.22039e+27
 57.00  5.25557e+27
 57.10  5.29073e+27
 57.20  5.32587e+27
 57.30  5.36100e+27
 57.40  5.39609e+27
 57.50  5.43110e+27
 57.60  5.46604e+27
 57.70  5.50087e+27
 57.80  5.53558e+27
 57.90  5.57015e+27
 58.00  5.60458e+27
 58.10  5.63891e+27
 58.20  5.67313e+27
 58.30  5.70723e+27
 58.40  5.74118e+27
 58.50  5.77497e+27
 58.60  5.80860e+27
 58.70  5.84207e+27
 58.80  5.87537e+27
 58.90  5.90848e+27
 59.00  5.94141e+27
 59.10  5.97412e+27
 59.20  6.00664e+27
 59.30  6.03897e+27
 59.40  6.07109e+27
 59.50  6.10298e+27
 59.60  6.13465e+27
 59.70  6.16605e+27
 59.80  6.19718e+27
 59.90  6.22806e+27
 60.00  6.25870e+27
 60.10  6.28908e+27
 60.20  6.31920e+27
 60.30  6.34909e+27
 60.40  6.37875e+27
 60.50  6.40815e+27
 60.60  6.43728e+27
 60.70  6.46612e+27
 60.80  6.49467e+27
 60.90  6.52294e+27
 61.00  6.55092e+27
 61.10  6.57860e+27
 61.20  6.60597e+27
 61.30  6.63302e+27
 61.40  6.65978e+27
 61.50  6.68625e+27
 61.60  6.71243e+27
 61.70  6.73831e+27
 61.80  6.76387e+27
 61.90  6.78910e+27
 62.00  6.81396e+27
 62.10  6.83846e+27
 62.20  6.86268e+27
 62.30  6.88664e+27
 62.40  6.91032e+27
 62.50  6.93372e+27
 62.60  6.95684e+27
 62.70  6.97967e+27
 62.80  7.00220e+27
 62.90  7.02442e+27
 63.00  7.04635e+27
 63.10  7.06799e+27
 63.20  7.08930e+27
 63.30  7.11029e+27
 63.40  7.13100e+27
 63.50  7.15148e+27
 63.60  7.17172e+27
 63.70  7.19175e+27
 63.80  7.21159e+27
 63.90  7.23123e+27
 64.00  7.25065e+27
 64.10  7.26982e+27
 64.20  7.28874e+27
 64.30  7.30742e+27
 64.40  7.32592e+27
 64.50  7.34424e+27
 64.60  7.36238e+27
 64.70  7.38037e+27
 64.80  7.39823e+27
 64.90  7.41601e+27
 65.00  7.43375e+27
 65.10  7.45151e+27
 65.20  7.46935e+27
 65.30  7.48727e+27
 65.40  7.50528e+27
 65.50  7.52336e+27
 65.60  7.54146e+27
 65.70  7.55959e+27
 65.80  7.57771e+27
 65.90  7.59580e+27
 66.00  7.61382e+27
 66.10  7.63171e+27
 66.20  7.64943e+27
 66.30  7.66695e+27
 66.40  7.68429e+27
 66.50  7.70153e+27
 66.60  7.71865e+27
 66.70  7.73564e+27
 66.80  7.75248e+27
 66.90  7.76916e+27
 67.00  7.78571e+27
 67.10  7.80210e+27
 67.20  7.81838e+27
 67.30  7.83456e+27
 67.40  7.85062e+27
 67.50  7.86657e+27
 67.60  7.88244e+27
 67.70  7.89825e+27
 67.80  7.91405e+27
 67.90  7.92981e+27
 68.00  7.94558e+27
 68.10  7.96137e+27
 68.20  7.97716e+27
 68.30  7.99290e+27
 68.40  8.00859e+27
 68.50  8.02421e+27
 68.60  8.03976e+27
 68.70  8.05525e+27
 68.80  8.07072e+27
 68.90  8.08617e+27
 69.00  8.10158e+27
 69.10  8.11693e+27
 69.20  8.13219e+27
 69.30  8.14731e+27
 69.40  8.16227e+27
 69.50  8.17708e+27
 69.60  8.19171e+27
 69.70  8.20616e+27
 69.80  8.22048e+27
 69.90  8.23465e+27
 70.00  8.24867e+27
 70.10  8.26249e+27
 70.20  8.27611e+27
 70.30  8.28957e+27
 70.40  8.30292e+27
 70.50  8.31621e+27
 70.60  8.32946e+27
 70.70  8.34266e+27
 70.80  8.35582e+27
 70.90  8.36893e+27
 71.00  8.38191e+27
 71.10  8.39475e+27
 71.20  8.40746e+27
 71.30  8.42005e+27
 71.40  8.43250e+27
 71.50  8.44476e+27
 71.60  8.45682e+27
 71.70  8.46860e+27
 71.80  8.48009e+27
 71.90  8.49127e+27
 72.00  8.50211e+27
 72.10  8.51262e+27
 72.20  8.52279e+27
 72.30  8.53263e+27
 72.40  8.54217e+27
 72.50  8.55142e+27
 72.60  8.56042e+27
 72.70  8.56916e+27
 72.80  8.57762e+27
 72.90  8.58578e+27
 73.00  8.59363e+27
 73.10  8.60114e+27
 73.20  8.60829e+27
 73.30  8.61510e+27
 73.40  8.62160e+27
 73.50  8.62776e+27
 73.60  8.63355e+27
 73.70  8.63897e+27
 73.80  8.64405e+27
 73.90  8.64876e+27
 74.00  8.65313e+27
 74.10  8.65717e+27
 74.20  8.66089e+27
 74.30  8.66428e+27
 74.40  8.66730e+27
 74.50  8.66997e+27
 74.60  8.67232e+27
 74.70  8.67439e+27
 74.80  8.67617e+27
 74.90  8.67760e+27
 75.00  8.67866e+27
 75.10  8.67932e+27
 75.20  8.67960e+27
 75.30  8.67945e+27
 75.40  8.67887e+27
 75.50  8.67783e+27
 75.60  8.67635e+27
 75.70  8.67445e+27
 75.80  8.67213e+27
 75.90  8.66944e+27
 76.00  8.66637e+27
 76.10  8.66289e+27
 76.20  8.65902e+27
 76.30  8.65473e+27
 76.40  8.64999e+27
 76.50  8.64479e+27
 76.60  8.63911e+27
 76.70  8.63292e+27
 76.80  8.62623e+27
 76.90  8.61903e+27
 77.00  8.61130e+27
 77.10  8.60305e+27
 77.20  8.59433e+27
 77.30  8.58520e+27
 77.40  8.57567e+27
 77.50  8.56575e+27
 77.60  8.55542e+27
 77.70  8.54463e+27
 77.80  8.53336e+27
 77.90  8.52156e+27
 78.00  8.50920e+27
 78.10  8.49629e+27
 78.20  8.48283e+27
 78.30  8.46882e+27
 78.40  8.45430e+27
 78.50  8.43924e+27
 78.60  8.42362e+27
 78.70  8.40749e+27
 78.80  8.39085e+27
 78.90  8.37368e+27
 79.00  8.35596e+27
 79.10  8.33770e+27
 79.20  8.31888e+27
 79.30  8.29951e+27
 79.40  8.27963e+27
 79.50  8.25930e+27
 79.60  8.23856e+27
 79.70  8.21743e+27
 79.80  8.19589e+27
 79.90  8.17397e+27
 80.00  8.15167e+27
 80.10  8.12902e+27
 80.20  8.10607e+27
 80.30  8.08283e+27
 80.40  8.05929e+27
 80.50  8.03542e+27
 80.60  8.01125e+27
 80.70  7.98677e+27
 80.80  7.96196e+27
 80.90  7.93684e+27
 81.00  7.91145e+27
 81.10  7.88579e+27
 81.20  7.85984e+27
 81.30  7.83360e+27
 81.40  7.80708e+27
 81.50  7.78029e+27
 81.60  7.75327e+27
 81.70  7.72602e+27
 81.80  7.69851e+27
 81.90  7.67076e+27
 82.00  7.64279e+27
 82.10  7.61463e+27
 82.20  7.58628e+27
 82.30  7.55773e+27
 82.40  7.52901e+27
 82.50  7.50015e+27
 82.60  7.47121e+27
 82.70  7.44218e+27
 82.80  7.41304e+27
 82.90  7.38379e+27
 83.00  7.35441e+27
 83.10  7.32487e+27
 83.20  7.29518e+27
 83.30  7.26534e+27
 83.40  7.23534e+27
 83.50  7.20514e+27
 83.60  7.17480e+27
 83.70  7.14435e+27
 83.80  7.11380e+27
 83.90  7.08313e+27
 84.00  7.05238e+27
 84.10  7.02160e+27
 84.20  6.99078e+27
 84.30  6.95994e+27
 84.40  6.92908e+27
 84.50  6.89816e+27
 84.60  6.86715e+27
 84.70  6.83607e+27
 84.80  6.80490e+27
 84.90  6.77362e+27
 85.00  6.74224e+27
 85.10  6.71078e+27
 85.20  6.67924e+27
 85.30  6.64763e+27
 85.40  6.61595e+27
 85.50  6.58423e+27
 85.60  6.55249e+27
 85.70  6.52075e+27
 85.80  6.48907e+27
 85.90  6.45745e+27
 86.00  6.42589e+27
 86.10  6.39440e+27
 86.20  6.36302e+27
 86.30  6.33177e+27
 86.40  6.30067e+27
 86.50  6.26973e+27
 86.60  6.23889e+27
 86.70  6.20817e+27
 86.80  6.17756e+27
 86.90  6.14704e+27
 87.00  6.11662e+27
 87.10  6.08633e+27
 87.20  6.05611e+27
 87.30  6.02594e+27
 87.40  5.99577e+27
 87.50  5.96559e+27
 87.60  5.93539e+27
 87.70  5.90515e+27
 87.80  5.87486e+27
 87.90  5.84450e+27
 88.00  5.81405e+27
 88.10  5.78360e+27
 88.20  5.75316e+27
 88.30  5.72272e+27
 88.40  5.69232e+27
 88.50  5.66194e+27
 88.60  5.63157e+27
 88.70  5.60120e+27
 88.80  5.57080e+27
 88.90  5.54037e+27
 89.00  5.50991e+27
 89.10  5.47943e+27
 89.20  5.44899e+27
 89.30  5.41861e+27
 89.40  5.38829e+27
 89.50  5.35799e+27
 89.60  5.32775e+27
 89.70  5.29757e+27
 89.80  5.26741e+27
 89.90  5.23723e+27
 90.00  5.20703e+27
 90.10  5.17683e+27
 90.20  5.14661e+27
 90.30  5.11633e+27
 90.40  5.08594e+27
 90.50  5.05542e+27
 90.60  5.02478e+27
 90.70  4.99403e+27
 90.80  4.96317e+27
 90.90  4.93220e+27
 91.00  4.90119e+27
 91.10  4.87015e+27
 91.20  4.83907e+27
 91.30  4.80792e+27
 91.40  4.77669e+27
 91.50  4.74543e+27
 91.60  4.71416e+27
 91.70  4.68293e+27
 91.80  4.65175e+27
 91.90  4.62066e+27
 92.00  4.58967e+27
 92.10  4.55881e+27
 92.20  4.52812e+27
 92.30  4.49766e+27
 92.40  4.46741e+27
 92.50  4.43738e+27
 92.60  4.40756e+27
 92.70  4.37795e+27
 92.80  4.34850e+27
 92.90  4.31921e+27
 93.00  4.29005e+27
 93.10  4.26104e+27
 93.20  4.23214e+27
 93.30  4.20334e+27
 93.40  4.17465e+27
 93.50  4.14605e+27
 93.60  4.11750e+27
 93.70  4.08897e+27
 93.80  4.06049e+27
 93.90  4.03207e+27
 94.00  4.00374e+27
 94.10  3.97547e+27
 94.20  3.94728e+27
 94.30  3.91920e+27
 94.40  3.89127e+27
 94.50  3.86353e+27
 94.60  3.83594e+27
 94.70  3.80852e+27
 94.80  3.78131e+27
 94.90  3.75430e+27
 95.00  3.72750e+27
 95.10  3.70092e+27
 95.20  3.67457e+27
 95.30  3.64846e+27
 95.40  3.62262e+27
 95.50  3.59710e+27
 95.60  3.57195e+27
 95.70  3.54716e+27
 95.80  3.52272e+27
 95.90  3.49865e+27
 96.00  3.47493e+27
 96.10  3.45155e+27
 96.20  3.42847e+27
 96.30  3.40571e+27
 96.40  3.38330e+27
 96.50  3.36123e+27
 96.60  3.33951e+27
 96.70  3.31813e+27
 96.80  3.29705e+27
 96.90  3.27625e+27
 97.00  3.25574e+27
 97.10  3.23553e+27
 97.20  3.21561e+27
 97.30  3.19596e+27
 97.40  3.17661e+27
 97.50  3.15754e+27
 97.60  3.13873e+27
 97.70  3.12019e+27
 97.80  3.10193e+27
 97.90  3.08400e+27
 98.00  3.06637e+27
 98.10  3.04902e+27
 98.20  3.03195e+27
 98.30  3.01516e+27
 98.40  2.99861e+27
 98.50  2.98230e+27
 98.60  2.96621e+27
 98.70  2.95036e+27
 98.80  2.93477e+27
 98.90  2.91945e+27
 99.00  2.90440e+27
 99.10  2.88960e+27
 99.20  2.87501e+27
 99.30  2.86064e+27
 99.40  2.84651e+27
 99.50  2.83261e+27
 99.60  2.81891e+27
 99.70  2.80541e+27
 99.80  2.79208e+27
 99.90  2.77892e+27
100.00  2.76593e+27
100.10  2.75313e+27
100.20  2.74047e+27
100.30  2.72791e+27
100.40  2.71543e+27
100.50  2.70304e+27
100.60  2.69071e+27
100.70  2.67842e+27
100.80  2.66618e+27
100.90  2.65398e+27
101.00  2.64178e+27
101.10  2.62959e+27
101.20  2.61743e+27
101.30  2.60531e+27
101.40  2.59324e+27
101.50  2.58120e+27
101.60  2.56917e+27
101.70  2.55719e+27
101.80  2.54527e+27
101.90  2.53343e+27
102.00  2.52166e+27
102.10  2.50995e+27
102.20  2.49828e+27
102.30  2.48665e+27
102.40  2.47508e+27
102.50  2.46354e+27
102.60  2.45204e+27
102.70  2.44061e+27
102.80  2.42925e+27
102.90  2.41797e+27
103.00  2.40676e+27
103.10  2.39564e+27
103.20  2.38459e+27
103.30  2.37361e+27
103.40  2.36270e+27
103.50  2.35186e+27
103.60  2.34111e+27
103.70  2.33043e+27
103.80  2.31982e+27
103.90  2.30932e+27
104.00  2.29888e+27
104.10  2.28849e+27
104.20  2.27819e+27
104.30  2.26799e+27
104.40  2.25790e+27
104.50  2.24791e+27
104.60  2.23802e+27
104.70  2.22820e+27
104.80  2.21845e+27
104.90  2.20877e+27
105.00  2.19914e+27
105.10  2.18958e+27
105.20  2.18008e+27
105.30  2.17063e+27
105.40  2.16121e+27
105.50  2.15182e+27
105.60  2.14247e+27
105.70  2.13316e+27
105.80  2.12387e+27
105.90  2.11459e+27
106.00  2.10535e+27
106.10  2.09615e+27
106.20  2.08698e+27
106.30  2.07782e+27
106.40  2.06867e+27
106.50  2.05952e+27
106.60  2.05036e+27
106.70  2.04121e+27
106.80  2.03208e+27
106.90  2.02299e+27
107.00  2.01395e+27
107.10  2.00495e+27
107.20  1.99602e+27
107.30  1.98717e+27
107.40  1.97837e+27
107.50  1.96965e+27
107.60  1.96099e+27
107.70  1.95240e+27
107.80  1.94392e+27
107.90  1.93552e+27
108.00  1.92723e+27
108.10  1.91901e+27
108.20  1.91085e+27
108.30  1.90273e+27
108.40  1.89467e+27
108.50  1.88665e+27
108.60  1.87869e+27
108.70  1.87080e+27
108.80  1.86298e+27
108.90  1.85521e+27
109.00  1.84749e+27
109.10  1.83984e+27
109.20  1.83226e+27
109.30  1.82475e+27
109.40  1.81731e+27
109.50  1.80995e+27
109.60  1.80265e+27
109.70  1.79541e+27
109.80  1.78819e+27
109.90  1.78100e+27
110.00  1.77384e+27
110.10  1.76670e+27
110.20  1.75957e+27
110.30  1.75248e+27
110.40  1.74541e+27
110.50  1.73839e+27
110.60  1.73141e+27
110.70  1.72444e+27
110.80  1.71752e+27
110.90  1.71062e+27
111.00  1.70375e+27
111.10  1.69693e+27
111.20  1.69014e+27
111.30  1.68340e+27
111.40  1.67667e+27
111.50  1.66995e+27
111.60  1.66325e+27
111.70  1.65658e+27
111.80  1.64993e+27
111.90  1.64332e+27
112.00  1.63676e+27
112.10  1.63023e+27
112.20  1.62374e+27
112.30  1.61730e+27
112.40  1.61089e+27
112.50  1.60453e+27
112.60  1.59821e+27
112.70  1.59191e+27
112.80  1.58560e+27
112.90  1.57927e+27
113.00  1.57291e+27
113.10  1.56653e+27
113.20  1.56015e+27
113.30  1.55381e+27
113.40  1.54752e+27
113.50  1.54127e+27
113.60  1.53508e+27
113.70  1.52894e+27
113.80  1.52282e+27
113.90  1.51673e+27
114.00  1.51064e+27
114.10  1.50456e+27
114.20  1.49850e+27
114.30  1.49246e+27
114.40  1.48646e+27
114.50  1.48048e+27
114.60  1.47450e+27
114.70  1.46854e+27
114.80  1.46259e+27
114.90  1.45665e+27
115.00  1.45074e+27
115.10  1.44487e+27
115.20  1.43902e+27
115.30  1.43318e+27
115.40  1.42735e+27
115.50  1.42153e+27
115.60  1.41573e+27
115.70  1.40995e+27
115.80  1.40418e+27
115.90  1.39843e+27
116.00  1.39271e+27
116.10  1.38701e+27
116.20  1.38133e+27
116.30  1.37567e+27
116.40  1.37003e+27
116.50  1.36441e+27
116.60  1.35880e+27
116.70  1.35318e+27
116.80  1.34756e+27
116.90  1.34195e+27
117.00  1.33635e+27
117.10  1.33079e+27
117.20  1.32525e+27
117.30  1.31972e+27
117.40  1.31420e+27
117.50  1.30868e+27
117.60  1.30313e+27
117.70  1.29757e+27
117.80  1.29199e+27
117.90  1.28637e+27
118.00  1.28075e+27
118.10  1.27514e+27
118.20  1.26954e+27
118.30  1.26394e+27
118.40  1.25834e+27
118.50  1.25273e+27
118.60  1.24714e+27
118.70  1.24159e+27
118.80  1.23608e+27
118.90  1.23062e+27
119.00  1.22520e+27
119.10  1.21982e+27
119.20  1.21449e+27
119.30  1.20919e+27
119.40  1.20392e+27
119.50  1.19870e+27
119.60  1.19351e+27
119.70  1.18839e+27
119.80  1.18332e+27
119.90  1.17832e+27
120.00  1.17337e+27
120.10  1.16844e+27
120.20  1.16356e+27
120.30  1.15871e+27
120.40  1.15393e+27
120.50  1.14919e+27
120.60  1.14450e+27
120.70  1.13986e+27
120.80  1.13528e+27
120.90  1.13077e+27
121.00  1.12634e+27
121.10  1.12198e+27
121.20  1.11772e+27
121.30  1.11353e+27
121.40  1.10941e+27
121.50  1.10535e+27
121.60  1.10136e+27
121.70  1.09744e+27
121.80  1.09358e+27
121.90  1.08982e+27
122.00  1.08613e+27
122.10  1.08254e+27
122.20  1.07904e+27
122.30  1.07566e+27
122.40  1.07238e+27
122.50  1.06921e+27
122.60  1.06615e+27
122.70  1.06316e+27
122.80  1.06026e+27
122.90  1.05748e+27
123.00  1.05481e+27
123.10  1.05226e+27
123.20  1.04981e+27
123.30  1.04744e+27
123.40  1.04515e+27
123.50  1.04293e+27
123.60  1.04079e+27
123.70  1.03872e+27
123.80  1.03674e+27
123.90  1.03484e+27
124.00  1.03301e+27
124.10  1.03126e+27
124.20  1.02957e+27
124.30  1.02794e+27
124.40  1.02634e+27
124.50  1.02478e+27
124.60  1.02326e+27
124.70  1.02179e+27
124.80  1.02040e+27
124.90  1.01912e+27
125.00  1.01794e+27
125.10  1.01686e+27
125.20  1.01586e+27
125.30  1.01496e+27
125.40  1.01416e+27
125.50  1.01347e+27
125.60  1.01287e+27
125.70  1.01235e+27
125.80  1.01193e+27
125.90  1.01160e+27
126.00  1.01134e+27
126.10  1.01115e+27
126.20  1.01100e+27
126.30  1.01090e+27
126.40  1.01086e+27
126.50  1.01088e+27
126.60  1.01093e+27
126.70  1.01100e+27
126.80  1.01109e+27
126.90  1.01120e+27
127.00  1.01132e+27
127.10  1.01146e+27
127.20  1.01160e+27
127.30  1.01171e+27
127.40  1.01181e+27
127.50  1.01192e+27
127.60  1.01202e+27
127.70  1.01209e+27
127.80  1.01214e+27
127.90  1.01216e+27
128.00  1.01218e+27
128.10  1.01219e+27
128.20  1.01217e+27
128.30  1.01211e+27
128.40  1.01201e+27
128.50  1.01188e+27
128.60  1.01171e+27
128.70  1.01151e+27
128.80  1.01127e+27
128.90  1.01100e+27
129.00  1.01070e+27
129.10  1.01038e+27
129.20  1.01000e+27
129.30  1.00959e+27
129.40  1.00914e+27
129.50  1.00866e+27
129.60  1.00814e+27
129.70  1.00759e+27
129.80  1.00702e+27
129.90  1.00643e+27
130.00  1.00581e+27
130.10  1.00517e+27
130.20  1.00451e+27
130.30  1.00381e+27
130.40  1.00309e+27
130.50  1.00234e+27
130.60  1.00159e+27
130.70  1.00083e+27
130.80  1.00004e+27
130.90  9.99214e+26
131.00  9.98363e+26
131.10  9.97480e+26
131.20  9.96581e+26
131.30  9.95682e+26
131.40  9.94770e+26
131.50  9.93835e+26
131.60  9.92882e+26
131.70  9.91903e+26
131.80  9.90890e+26
131.90  9.89849e+26
132.00  9.88783e+26
132.10  9.87696e+26
132.20  9.86603e+26
132.30  9.85518e+26
132.40  9.84455e+26
132.50  9.83421e+26
132.60  9.82418e+26
132.70  9.81460e+26
132.80  9.80534e+26
132.90  9.79624e+26
133.00  9.78727e+26
133.10  9.77841e+26
133.20  9.76967e+26
133.30  9.76099e+26
133.40  9.75225e+26
133.50  9.74342e+26
133.60  9.73455e+26
133.70  9.72568e+26
133.80  9.71682e+26
133.90  9.70797e+26
134.00  9.69917e+26
134.10  9.69029e+26
134.20  9.68117e+26
134.30  9.67179e+26
134.40  9.66219e+26
134.50  9.65253e+26
134.60  9.64297e+26
134.70  9.63357e+26
134.80  9.62433e+26
134.90  9.61523e+26
135.00  9.60626e+26
135.10  9.59748e+26
135.20  9.58891e+26
135.30  9.58056e+26
135.40  9.57243e+26
135.50  9.56440e+26
135.60  9.55635e+26
135.70  9.54829e+26
135.80  9.54013e+26
135.90  9.53161e+26
136.00  9.52258e+26
136.10  9.51307e+26
136.20  9.50311e+26
136.30  9.49272e+26
136.40  9.48193e+26
136.50  9.47077e+26
136.60  9.45920e+26
136.70  9.44726e+26
136.80  9.43501e+26
136.90  9.42244e+26
137.00  9.40939e+26
137.10  9.39573e+26
137.20  9.38150e+26
137.30  9.36671e+26
137.40  9.35143e+26
137.50  9.33575e+26
137.60  9.31967e+26
137.70  9.30321e+26
137.80  9.28645e+26
137.90  9.26945e+26
138.00  9.25219e+26
138.10  9.23465e+26
138.20  9.21678e+26
138.30  9.19857e+26
138.40  9.18006e+26
138.50  9.16111e+26
138.60  9.14158e+26
138.70  9.12150e+26
138.80  9.10096e+26
138.90  9.08006e+26
139.00  9.05872e+26
139.10  9.03688e+26
139.20  9.01456e+26
139.30  8.99182e+26
139.40  8.96872e+26
139.50  8.94528e+26
139.60  8.92152e+26
139.70  8.89747e+26
139.80  8.87317e+26
139.90  8.84864e+26
140.00  8.82385e+26
140.10  8.79875e+26
140.20  8.77332e+26
140.30  8.74757e+26
140.40  8.72154e+26
140.50  8.69525e+26
140.60  8.66872e+26
140.70  8.64194e+26
140.80  8.61498e+26
140.90  8.58790e+26
141.00  8.56070e+26
141.10  8.53330e+26
141.20  8.50568e+26
141.30  8.47785e+26
141.40  8.44981e+26
141.50  8.42154e+26
141.60  8.39298e+26
141.70  8.36405e+26
141.80  8.33463e+26
141.90  8.30465e+26
142.00  8.27414e+26
142.10  8.24316e+26
142.20  8.21174e+26
142.30  8.17999e+26
142.40  8.14794e+26
142.50  8.11556e+26
142.60  8.08294e+26
142.70  8.05013e+26
142.80  8.01713e+26
142.90  7.98401e+26
143.00  7.95081e+26
143.10  7.91751e+26
143.20  7.88417e+26
143.30  7.85081e+26
143.40  7.81751e+26
143.50  7.78435e+26
143.60  7.75137e+26
143.70  7.71866e+26
143.80  7.68616e+26
143.90  7.65380e+26
144.00  7.62156e+26
144.10  7.58948e+26
144.20  7.55759e+26
144.30  7.52589e+26
144.40  7.49443e+26
144.50  7.46321e+26
144.60  7.43224e+26
144.70  7.40149e+26
144.80  7.37089e+26
144.90  7.34041e+26
145.00  7.31000e+26
145.10  7.27950e+26
145.20  7.24879e+26
145.30  7.21787e+26
145.40  7.18671e+26
145.50  7.15535e+26
145.60  7.12381e+26
145.70  7.09218e+26
145.80  7.06042e+26
145.90  7.02850e+26
146.00  6.99651e+26
146.10  6.96451e+26
146.20  6.93254e+26
146.30  6.90061e+26
146.40  6.86878e+26
146.50  6.83712e+26
146.60  6.80571e+26
146.70  6.77460e+26
146.80  6.74383e+26
146.90  6.71344e+26
147.00  6.68353e+26
147.10  6.65418e+26
147.20  6.62550e+26
147.30  6.59745e+26
147.40  6.56999e+26
147.50  6.54315e+26
147.60  6.51693e+26
147.70  6.49142e+26
147.80  6.46672e+26
147.90  6.44281e+26
148.00  6.41969e+26
148.10  6.39733e+26
148.20  6.37561e+26
148.30  6.35442e+26
148.40  6.33379e+26
148.50  6.31378e+26
148.60  6.29436e+26
148.70  6.27542e+26
148.80  6.25685e+26
148.90  6.23862e+26
149.00  6.22072e+26
149.10  6.20316e+26
149.20  6.18595e+26
149.30  6.16917e+26
149.40  6.15290e+26
149.50  6.13707e+26
149.60  6.12161e+26
149.70  6.10651e+26
149.80  6.09175e+26
149.90  6.07734e+26
150.00  6.06329e+26
150.10  6.04965e+26
150.20  6.03646e+26
150.30  6.02380e+26
150.40  6.01171e+26
150.50  6.00019e+26
150.60  5.98915e+26
150.70  5.97857e+26
150.80  5.96848e+26
150.90  5.95889e+26
151.00  5.94982e+26
151.10  5.94126e+26
151.20  5.93326e+26
151.30  5.92581e+26
151.40  5.91890e+26
151.50  5.91241e+26
151.60  5.90621e+26
151.70  5.90024e+26
151.80  5.89443e+26
151.90  5.88881e+26
152.00  5.88338e+26
152.10  5.87810e+26
152.20  5.87287e+26
152.30  5.86768e+26
152.40  5.86251e+26
152.50  5.85736e+26
152.60  5.85223e+26
152.70  5.84708e+26
152.80  5.84185e+26
152.90  5.83660e+26
153.00  5.83135e+26
153.10  5.82615e+26
153.20  5.82100e+26
153.30  5.81591e+26
153.40  5.81079e+26
153.50  5.80559e+26
153.60  5.80033e+26
153.70  5.79503e+26
153.80  5.78971e+26
153.90  5.78436e+26
154.00  5.77896e+26
154.10  5.77355e+26
154.20  5.76817e+26
154.30  5.76280e+26
154.40  5.75742e+26
154.50  5.75204e+26
154.60  5.74668e+26
154.70  5.74132e+26
154.80  5.73587e+26
154.90  5.73024e+26
155.00  5.72442e+26
155.10  5.71840e+26
155.20  5.71216e+26
155.30  5.70561e+26
155.40  5.69868e+26
155.50  5.69132e+26
155.60  5.68355e+26
155.70  5.67536e+26
155.80  5.66676e+26
155.90  5.65775e+26
156.00  5.64833e+26
156.10  5.63850e+26
156.20  5.62823e+26
156.30  5.61747e+26
156.40  5.60616e+26
156.50  5.59431e+26
156.60  5.58193e+26
156.70  5.56905e+26
156.80  5.55568e+26
156.90  5.54183e+26
157.00  5.52748e+26
157.10  5.51265e+26
157.20  5.49733e+26
157.30  5.48147e+26
157.40  5.46509e+26
157.50  5.44820e+26
157.60  5.43083e+26
157.70  5.41302e+26
157.80  5.39480e+26
157.90  5.37617e+26
158.00  5.35715e+26
158.10  5.33774e+26
158.20  5.31792e+26
158.30  5.29771e+26
158.40  5.27711e+26
158.50  5.25614e+26
158.60  5.23482e+26
158.70  5.21315e+26
158.80  5.19116e+26
158.90  5.16886e+26
159.00  5.14628e+26
159.10  5.12345e+26
159.20  5.10039e+26
159.30  5.07712e+26
159.40  5.05365e+26
159.50  5.02999e+26
159.60  5.00617e+26
159.70  4.98218e+26
159.80  4.95800e+26
159.90  4.93358e+26
160.00  4.90892e+26
160.10  4.88402e+26
160.20  4.85890e+26
160.30  4.83357e+26
160.40  4.80806e+26
160.50  4.78239e+26
160.60  4.75656e+26
160.70  4.73058e+26
160.80  4.70447e+26
160.90  4.67824e+26
161.00  4.65192e+26
161.10  4.62553e+26
161.20  4.59911e+26
161.30  4.57267e+26
161.40  4.54621e+26
161.50  4.51976e+26
161.60  4.49334e+26
161.70  4.46695e+26
161.80  4.44064e+26
161.90  4.41446e+26
162.00  4.38842e+26
162.10  4.36256e+26
162.20  4.33686e+26
162.30  4.31134e+26
162.40  4.28601e+26
162.50  4.26089e+26
162.60  4.23603e+26
162.70  4.21144e+26
162.80  4.18711e+26
162.90  4.16305e+26
163.00  4.13927e+26
163.10  4.11578e+26
163.20  4.09259e+26
163.30  4.06972e+26
163.40  4.04722e+26
163.50  4.02510e+26
163.60  4.00331e+26
163.70  3.98186e+26
163.80  3.96076e+26
163.90  3.94001e+26
164.00  3.91957e+26
164.10  3.89941e+26
164.20  3.87952e+26
164.30  3.85988e+26
164.40  3.84049e+26
164.50  3.82138e+26
164.60  3.80260e+26
164.70  3.78421e+26
164.80  3.76620e+26
164.90  3.74856e+26
165.00  3.73128e+26
165.10  3.71436e+26
165.20  3.69781e+26
165.30  3.68167e+26
165.40  3.66593e+26
165.50  3.65062e+26
165.60  3.63575e+26
165.70  3.62133e+26
165.80  3.60740e+26
165.90  3.59400e+26
166.00  3.58115e+26
166.10  3.56886e+26
166.20  3.55712e+26
166.30  3.54591e+26
166.40  3.53519e+26
166.50  3.52496e+26
166.60  3.51521e+26
166.70  3.50596e+26
166.80  3.49719e+26
166.90  3.48892e+26
167.00  3.48116e+26
167.10  3.47391e+26
167.20  3.46720e+26
167.30  3.46101e+26
167.40  3.45534e+26
167.50  3.45015e+26
167.60  3.44546e+26
167.70  3.44124e+26
167.80  3.43746e+26
167.90  3.43413e+26
168.00  3.43124e+26
168.10  3.42878e+26
168.20  3.42674e+26
168.30  3.42511e+26
168.40  3.42386e+26
168.50  3.42300e+26
168.60  3.42253e+26
168.70  3.42247e+26
168.80  3.42282e+26
168.90  3.42358e+26
169.00  3.42477e+26
169.10  3.42636e+26
169.20  3.42837e+26
169.30  3.43078e+26
169.40  3.43357e+26
169.50  3.43670e+26
169.60  3.44016e+26
169.70  3.44394e+26
169.80  3.44805e+26
169.90  3.45246e+26
170.00  3.45720e+26
170.10  3.46226e+26
170.20  3.46763e+26
170.30  3.47329e+26
170.40  3.47927e+26
170.50  3.48558e+26
170.60  3.49221e+26
170.70  3.49913e+26
170.80  3.50636e+26
170.90  3.51384e+26
171.00  3.52154e+26
171.10  3.52948e+26
171.20  3.53770e+26
171.30  3.54622e+26
171.40  3.55505e+26
171.50  3.56416e+26
171.60  3.57356e+26
171.70  3.58322e+26
171.80  3.59311e+26
171.90  3.60321e+26
172.00  3.61347e+26
172.10  3.62387e+26
172.20  3.63441e+26
172.30  3.64505e+26
172.40  3.65576e+26
172.50  3.66656e+26
172.60  3.67744e+26
172.70  3.68839e+26
172.80  3.69936e+26
172.90  3.71037e+26
173.00  3.72139e+26
173.10  3.73240e+26
173.20  3.74338e+26
173.30  3.75437e+26
173.40  3.76537e+26
173.50  3.77637e+26
173.60  3.78736e+26
173.70  3.79834e+26
173.80  3.80932e+26
173.90  3.82024e+26
174.00  3.83105e+26
174.10  3.84173e+26
174.20  3.85234e+26
174.30  3.86288e+26
174.40  3.87335e+26
174.50  3.88377e+26
174.60  3.89411e+26
174.70  3.90438e+26
174.80  3.91457e+26
174.90  3.92466e+26
175.00  3.93467e+26
175.10  3.94458e+26
175.20  3.95440e+26
175.30  3.96413e+26
175.40  3.97374e+26
175.50  3.98325e+26
175.60  3.99267e+26
175.70  4.00202e+26
175.80  4.01130e+26
175.90  4.02052e+26
176.00  4.02965e+26
176.10  4.03867e+26
176.20  4.04757e+26
176.30  4.05631e+26
176.40  4.06491e+26
176.50  4.07338e+26
176.60  4.08176e+26
176.70  4.09007e+26
176.80  4.09830e+26
176.90  4.10647e+26
177.00  4.11456e+26
177.10  4.12257e+26
177.20  4.13044e+26
177.30  4.13811e+26
177.40  4.14556e+26
177.50  4.15278e+26
177.60  4.15976e+26
177.70  4.16648e+26
177.80  4.17295e+26
177.90  4.17920e+26
178.00  4.18526e+26
178.10  4.19115e+26
178.20  4.19688e+26
178.30  4.20243e+26
178.40  4.20780e+26
178.50  4.21298e+26
178.60  4.21799e+26
178.70  4.22282e+26
178.80  4.22746e+26
178.90  4.23189e+26
179.00  4.23612e+26
179.10  4.24014e+26
179.20  4.24396e+26
179.30  4.24757e+26
179.40  4.25100e+26
179.50  4.25429e+26
179.60  4.25743e+26
179.70  4.26044e+26
179.80  4.26335e+26
179.90  4.26619e+26
180.00  4.26897e+26
180.10  4.27170e+26
180.20  4.27439e+26
180.30  4.27702e+26
180.40  4.27960e+26
180.50  4.28208e+26
180.60  4.28443e+26
180.70  4.28660e+26
180.80  4.28863e+26
180.90  4.29059e+26
181.00  4.29253e+26
181.10  4.29446e+26
181.20  4.29638e+26
181.30  4.29827e+26
181.40  4.30011e+26
181.50  4.30192e+26
181.60  4.30369e+26
181.70  4.30542e+26
181.80  4.30711e+26
181.90  4.30878e+26
182.00  4.31048e+26
182.10  4.31225e+26
182.20  4.31407e+26
182.30  4.31593e+26
182.40  4.31782e+26
182.50  4.31972e+26
182.60  4.32164e+26
182.70  4.32354e+26
182.80  4.32541e+26
182.90  4.32725e+26
183.00  4.32906e+26
183.10  4.33089e+26
183.20  4.33280e+26
183.30  4.33481e+26
183.40  4.33697e+26
183.50  4.33928e+26
183.60  4.34170e+26
183.70  4.34425e+26
183.80  4.34693e+26
183.90  4.34971e+26
184.00  4.35261e+26
184.10  4.35561e+26
184.20  4.35871e+26
184.30  4.36186e+26
184.40  4.36507e+26
184.50  4.36833e+26
184.60  4.37161e+26
184.70  4.37500e+26
184.80  4.37854e+26
184.90  4.38222e+26
185.00  4.38604e+26
185.10  4.38997e+26
185.20  4.39396e+26
185.30  4.39804e+26
185.40  4.40222e+26
185.50  4.40649e+26
185.60  4.41081e+26
185.70  4.41517e+26
185.80  4.41954e+26
185.90  4.42394e+26
186.00  4.42834e+26
186.10  4.43273e+26
186.20  4.43710e+26
186.30  4.44146e+26
186.40  4.44581e+26
186.50  4.45018e+26
186.60  4.45460e+26
186.70  4.45907e+26
186.80  4.46357e+26
186.90  4.46811e+26
187.00  4.47267e+26
187.10  4.47725e+26
187.20  4.48182e+26
187.30  4.48636e+26
187.40  4.49085e+26
187.50  4.49533e+26
187.60  4.49979e+26
187.70  4.50424e+26
187.80  4.50867e+26
187.90  4.51303e+26
188.00  4.51733e+26
188.10  4.52154e+26
188.20  4.52565e+26
188.30  4.52962e+26
188.40  4.53344e+26
188.50  4.53714e+26
188.60  4.54074e+26
188.70  4.54430e+26
188.80  4.54791e+26
188.90  4.55159e+26
189.00  4.55534e+26
189.10  4.55917e+26
189.20  4.56305e+26
189.30  4.56700e+26
189.40  4.57099e+26
189.50  4.57501e+26
189.60  4.57908e+26
189.70  4.58316e+26
189.80  4.58730e+26
189.90  4.59157e+26
190.00  4.59599e+26
190.10  4.60058e+26
190.20  4.60532e+26
190.30  4.61022e+26
190.40  4.61525e+26
190.50  4.62042e+26
190.60  4.62569e+26
190.70  4.63097e+26
190.80  4.63620e+26
190.90  4.64139e+26
191.00  4.64657e+26
191.10  4.65169e+26
191.20  4.65669e+26
191.30  4.66157e+26
191.40  4.66633e+26
191.50  4.67093e+26
191.60  4.67539e+26
191.70  4.67968e+26
191.80  4.68375e+26
191.90  4.68755e+26
192.00  4.69110e+26
192.10  4.69444e+26
192.20  4.69756e+26
192.30  4.70045e+26
192.40  4.70312e+26
192.50  4.70561e+26
192.60  4.70798e+26
192.70  4.71026e+26
192.80  4.71244e+26
192.90  4.71453e+26
193.00  4.71655e+26
193.10  4.71850e+26
193.20  4.72042e+26
193.30  4.72245e+26
193.40  4.72469e+26
193.50  4.72715e+26
193.60  4.72981e+26
193.70  4.73264e+26
193.80  4.73559e+26
193.90  4.73865e+26
194.00  4.74180e+26
194.10  4.74497e+26
194.20  4.74811e+26
194.30  4.75123e+26
194.40  4.75436e+26
194.50  4.75750e+26
194.60  4.76060e+26
194.70  4.76364e+26
194.80  4.76655e+26
194.90  4.76928e+26
195.00  4.77179e+26
195.10  4.77405e+26
195.20  4.77605e+26
195.30  4.77781e+26
195.40  4.77935e+26
195.50  4.78071e+26
195.60  4.78186e+26
195.70  4.78281e+26
195.80  4.78358e+26
195.90  4.78415e+26
196.00  4.78453e+26
196.10  4.78468e+26
196.20  4.78462e+26
196.30  4.78433e+26
196.40  4.78375e+26
196.50  4.78289e+26
196.60  4.78184e+26
196.70  4.78073e+26
196.80  4.77961e+26
196.90  4.77854e+26
197.00  4.77758e+26
197.10  4.77676e+26
197.20  4.77610e+26
197.30  4.77559e+26
197.40  4.77526e+26
197.50  4.77509e+26
197.60  4.77499e+26
197.70  4.77495e+26
197.80  4.77493e+26
197.90  4.77491e+26
198.00  4.77485e+26
198.10  4.77474e+26
198.20  4.77457e+26
198.30  4.77428e+26
198.40  4.77384e+26
198.50  4.77319e+26
198.60  4.77228e+26
198.70  4.77113e+26
198.80  4.76972e+26
198.90  4.76804e+26
199.00  4.76608e+26
199.10  4.76387e+26
199.20  4.76143e+26
199.30  4.75875e+26
199.40  4.75581e+26
199.50  4.75265e+26
199.60  4.74928e+26
199.70  4.74569e+26
199.80  4.74186e+26
199.90  4.73779e+26
200.00  4.73350e+26
